202
364
516
578
614
712
780
854
884
900
882
894
922
962
988
978
960
994
1028
1028
1040
1054
1094
1122
1154
1174
1210
1214
1252
1272
1296
1334
1356
1356
1354
1372
1420
1428
1418
1456
1470
1478
1490
1514
1576
1602
1620
1640
1676
1698
1712
1752
1750
1764
1784
1782
1778
1800
1792
1792
1786
1806
1828
1828
1856
1878
1900
1882
1894
1888
1902
1928
1954
1954
1968
1988
1996
1998
2000
2006
1996
2002
2014
2022
2040
2034
2050
2056
2082
2096
2106
2100
2116
2120
2136
2172
2172
2184
2190
2194
2204
2216
2208
2210
2212
2204
2202
2212
2226
2230
2230
2230
2242
2246
2248
2244
2254
2266
2280
2268
2286
2302
2302
2306
2322
2332
2338
2344
2346
2348
2358
2366
2356
2366
2372
2384
2388
2398
2406
2414
2420
2420
2424
2432
2442
2440
2444
2454
2458
2458
2472
2476
2488
2496
2496
2500
2500
2500
2500
2500
2500
2500
2500
2500
2500
2500
2500
2500
2500
2500
2500
2500
2500
2500
2500
2500
2500
2500
2500
2500
2500
2500
2500
2500
2500
2500
2500
2500
2500
2500
2500
2500
2500
2500
2500
2500
2500
2500
2500
2500
2500
2500
2500
2500
2500
2500
2500
2500
2500
2500
2500
2500
2500
2500
2500
2500
2500
2500
2500
2500
2500
2500
2500
2500
2500
2500
2500
2500
2500
2500
2500
2500
2500
2500
2500
2500
2500
2500
2500
2500
2500
2500
2500
2500
2500
2500
2500
2500
2500
2500
2500
2500
2500
2500
2500
2500
2500
2500
2500
2500
2500
2500
2500
2500
2500
2500
2500
2500
2500
2500
2500
2500
2500
2500
2500
2500
2500
2500
2500
2500
2500
2500
2500
2500
2500
2500
2500
2500
2500
2500
2500
2500
2500
2500
2500
2500
2500
2500
2500
2500
2500
2500
2500
2500
2500
2500
2500
2500
2500
2500
2500
2500
2500
2500
2500
2500
2500
2500
2500
2500
2500
2500
2500
2500
2500
2500
2500
2500
2500
2500
2500
2500
2500
2500
2500
2500
2500
2500
2500
2500
2500
2500
2500
2500
2500
2500
2500
2500
2500
2500
2500
2500
2500
2500
2500
2500
2500
2500
2500
2500
2500
2500
2500
2500
2500
2500
2500
2500
2500
2500
2500
2500
2500
2500
2500
2500
2500
2500
2500
2500
2500
2500
2500
2500
2500
2500
2500
2500
2500
2500
2500
2500
2500
2500
2500
2500
2500
2500
2500
2500
2500
2500
2500
2500
2500
2500
2500
2500
2500
2500
2500
2500
2500
2500
2500
2500
2500
2500
2500
2500
2500
2500
2500
2500
2500
2500
2500
2500
2500
2500
2500
2500
2500
2500
2500
2500
2500
2500
2500
2500
2500
2500
2500
2500
2500
2500
2500
2500
2500
2500
2500
2500
2500
2500
2500
2500
2500
2500
2500
2500
2500
2500
2500
2500
2500
2500
2500
2500
2500
2500
2500
2500
2500
2500
2500
2500
2500
2500
2500
2500
2500
2500
2500
2500
2500
2500
2500
2500
2500
2500
2500
2500
2500
2500
2500
2500
2500
2500
2500
2500
